    0.48626376E+08    0.17857140E+08    0.38461558E+05   -0.29395602E+08   -0.13736240E+07   -0.38461519E+05   -0.25549453E+08   -0.17857140E+08    0.12820532E+05    0.63186789E+07    0.13736240E+07   -0.12820494E+05
    0.17857140E+08    0.48626376E+08   -0.38461558E+05    0.13736240E+07    0.63186789E+07    0.12820494E+05   -0.17857140E+08   -0.25549453E+08   -0.12820532E+05   -0.13736240E+07   -0.29395602E+08    0.38461519E+05
    0.38461558E+05   -0.38461558E+05    0.17109417E+03   -0.38461519E+05   -0.12820494E+05   -0.68529761E+02   -0.12820532E+05    0.12820532E+05   -0.34034034E+02    0.12820494E+05    0.38461519E+05   -0.68529761E+02
   -0.29395602E+08    0.13736240E+07   -0.38461519E+05    0.48626376E+08   -0.17857140E+08    0.38461558E+05    0.63186789E+07   -0.13736240E+07   -0.12820494E+05   -0.25549453E+08    0.17857140E+08    0.12820532E+05
   -0.13736240E+07    0.63186789E+07   -0.12820494E+05   -0.17857140E+08    0.48626376E+08    0.38461558E+05    0.13736240E+07   -0.29395602E+08   -0.38461519E+05    0.17857140E+08   -0.25549453E+08    0.12820532E+05
   -0.38461519E+05    0.12820494E+05   -0.68529761E+02    0.38461558E+05    0.38461558E+05    0.17109417E+03    0.12820494E+05   -0.38461519E+05   -0.68529761E+02   -0.12820532E+05   -0.12820532E+05   -0.34034034E+02
   -0.25549453E+08   -0.17857140E+08   -0.12820532E+05    0.63186789E+07    0.13736240E+07    0.12820494E+05    0.48626376E+08    0.17857140E+08   -0.38461558E+05   -0.29395602E+08   -0.13736240E+07    0.38461519E+05
   -0.17857140E+08   -0.25549453E+08    0.12820532E+05   -0.13736240E+07   -0.29395602E+08   -0.38461519E+05    0.17857140E+08    0.48626376E+08    0.38461558E+05    0.13736240E+07    0.63186789E+07   -0.12820494E+05
    0.12820532E+05   -0.12820532E+05   -0.34034034E+02   -0.12820494E+05   -0.38461519E+05   -0.68529761E+02   -0.38461558E+05    0.38461558E+05    0.17109417E+03    0.38461519E+05    0.12820494E+05   -0.68529761E+02
    0.63186789E+07   -0.13736240E+07    0.12820494E+05   -0.25549453E+08    0.17857140E+08   -0.12820532E+05   -0.29395602E+08    0.13736240E+07    0.38461519E+05    0.48626376E+08   -0.17857140E+08   -0.38461558E+05
    0.13736240E+07   -0.29395602E+08    0.38461519E+05    0.17857140E+08   -0.25549453E+08   -0.12820532E+05   -0.13736240E+07    0.63186789E+07    0.12820494E+05   -0.17857140E+08    0.48626376E+08   -0.38461558E+05
   -0.12820494E+05    0.38461519E+05   -0.68529761E+02    0.12820532E+05    0.12820532E+05   -0.34034034E+02    0.38461519E+05   -0.12820494E+05   -0.68529761E+02   -0.38461558E+05   -0.38461558E+05    0.17109417E+03
